------------------------
Arestas do grafo: 
[(9,10),(7,9),(6,9),(6,7),(5,8),(5,6),(5,9),(4,6),(4,7),(3,5),(3,4),(3,7),(3,6),(2,5),(2,6),(2,3),(1,2),(1,5)]
------------------------
Vértices embaralhados: 
[3,8,7,5,9,1,4,10,6,2]
------------------------
Grafo colorido [(vértice, cor)]: 
[(3,1),(8,1),(9,1),(1,1),(7,2),(5,2),(10,2),(4,3),(2,3),(6,4)]
------------------------
Número cromático: 
4
------------------------
Tempo de execução: 
0.000057228s
------------------------
------------------------
Arestas do grafo: 
[(9,10),(7,9),(6,9),(6,7),(5,8),(5,6),(5,9),(4,6),(4,7),(3,5),(3,4),(3,7),(3,6),(2,5),(2,6),(2,3),(1,2),(1,5)]
------------------------
Vértices embaralhados: 
[10,1,5,8,6,9,7,2,3,4]
------------------------
Grafo colorido [(vértice, cor)]: 
[(10,1),(1,1),(8,1),(6,1),(5,2),(7,2),(9,3),(2,3),(4,3),(3,4)]
------------------------
Número cromático: 
4
------------------------
Tempo de execução: 
0.000062571s
------------------------
------------------------
Arestas do grafo: 
[(9,10),(7,9),(6,9),(6,7),(5,8),(5,6),(5,9),(4,6),(4,7),(3,5),(3,4),(3,7),(3,6),(2,5),(2,6),(2,3),(1,2),(1,5)]
------------------------
Vértices embaralhados: 
[4,6,2,7,5,1,8,9,3,10]
------------------------
Grafo colorido [(vértice, cor)]: 
[(4,1),(2,1),(8,1),(9,1),(6,2),(1,2),(10,2),(7,3),(5,3),(3,4)]
------------------------
Número cromático: 
4
------------------------
Tempo de execução: 
0.000042333s
------------------------
------------------------
Arestas do grafo: 
[(9,10),(7,9),(6,9),(6,7),(5,8),(5,6),(5,9),(4,6),(4,7),(3,5),(3,4),(3,7),(3,6),(2,5),(2,6),(2,3),(1,2),(1,5)]
------------------------
Vértices embaralhados: 
[4,2,3,8,9,1,10,7,5,6]
------------------------
Grafo colorido [(vértice, cor)]: 
[(4,1),(2,1),(8,1),(9,1),(3,2),(1,2),(10,2),(7,3),(5,3),(6,4)]
------------------------
Número cromático: 
4
------------------------
Tempo de execução: 
0.000038216s
------------------------
------------------------
Arestas do grafo: 
[(9,10),(7,9),(6,9),(6,7),(5,8),(5,6),(5,9),(4,6),(4,7),(3,5),(3,4),(3,7),(3,6),(2,5),(2,6),(2,3),(1,2),(1,5)]
------------------------
Vértices embaralhados: 
[2,1,8,5,10,9,3,7,6,4]
------------------------
Grafo colorido [(vértice, cor)]: 
[(2,1),(8,1),(10,1),(7,1),(1,2),(9,2),(3,2),(5,3),(4,3),(6,4)]
------------------------
Número cromático: 
4
------------------------
Tempo de execução: 
0.000035967s
------------------------
------------------------
Arestas do grafo: 
[(9,10),(7,9),(6,9),(6,7),(5,8),(5,6),(5,9),(4,6),(4,7),(3,5),(3,4),(3,7),(3,6),(2,5),(2,6),(2,3),(1,2),(1,5)]
------------------------
Vértices embaralhados: 
[4,9,10,6,3,7,8,5,2,1]
------------------------
Grafo colorido [(vértice, cor)]: 
[(4,1),(9,1),(8,1),(2,1),(10,2),(6,2),(1,2),(3,3),(7,4),(5,4)]
------------------------
Número cromático: 
4
------------------------
Tempo de execução: 
0.000036266s
------------------------
------------------------
Arestas do grafo: 
[(9,10),(7,9),(6,9),(6,7),(5,8),(5,6),(5,9),(4,6),(4,7),(3,5),(3,4),(3,7),(3,6),(2,5),(2,6),(2,3),(1,2),(1,5)]
------------------------
Vértices embaralhados: 
[8,6,1,9,5,7,4,2,10,3]
------------------------
Grafo colorido [(vértice, cor)]: 
[(8,1),(6,1),(1,1),(10,1),(9,2),(4,2),(2,2),(5,3),(7,3),(3,4)]
------------------------
Número cromático: 
4
------------------------
Tempo de execução: 
0.000035024s
------------------------
------------------------
Arestas do grafo: 
[(9,10),(7,9),(6,9),(6,7),(5,8),(5,6),(5,9),(4,6),(4,7),(3,5),(3,4),(3,7),(3,6),(2,5),(2,6),(2,3),(1,2),(1,5)]
------------------------
Vértices embaralhados: 
[2,8,5,6,7,1,4,3,9,10]
------------------------
Grafo colorido [(vértice, cor)]: 
[(2,1),(8,1),(7,1),(10,1),(5,2),(4,2),(6,3),(1,3),(3,4),(9,4)]
------------------------
Número cromático: 
4
------------------------
Tempo de execução: 
0.000047243s
------------------------
------------------------
Arestas do grafo: 
[(9,10),(7,9),(6,9),(6,7),(5,8),(5,6),(5,9),(4,6),(4,7),(3,5),(3,4),(3,7),(3,6),(2,5),(2,6),(2,3),(1,2),(1,5)]
------------------------
Vértices embaralhados: 
[6,8,7,2,9,1,10,4,5,3]
------------------------
Grafo colorido [(vértice, cor)]: 
[(6,1),(8,1),(1,1),(10,1),(7,2),(2,2),(9,3),(4,3),(5,4),(3,5)]
------------------------
Número cromático: 
5
------------------------
Tempo de execução: 
0.000047682s
------------------------
------------------------
Arestas do grafo: 
[(9,10),(7,9),(6,9),(6,7),(5,8),(5,6),(5,9),(4,6),(4,7),(3,5),(3,4),(3,7),(3,6),(2,5),(2,6),(2,3),(1,2),(1,5)]
------------------------
Vértices embaralhados: 
[5,3,2,9,8,7,1,10,6,4]
------------------------
Grafo colorido [(vértice, cor)]: 
[(5,1),(7,1),(10,1),(3,2),(9,2),(8,2),(1,2),(2,3),(4,3),(6,4)]
------------------------
Número cromático: 
4
------------------------
Tempo de execução: 
0.000035375s
------------------------
